021
021
0769
0932
029
0769
0571
021
0592
0373
0592
0755
0592
0755
0769
0755
0769
0755
0755
0874
021
0551
0991
0991
0769
0512
021
0731
025
025
0731
010
0731
0731
0512
010
021
022
021
021
021
021
021
010
028
029
028
0791
0791
0791
0932
010
0755
021
021
021
021
0755
021
0660
021
010
0991
010
010
0579
010
0757
010
010
0971
027
029
029
021
0457
029
010
021
021
021
021
021
021
023
021
020
029
020
020
020
022
028
021
0826
021
021
010
0991
0310
020
0769
1894
021
021
0571
021
0571
021
021
0571
0571
0571
021
021
023
021
021
021
021
029
029
020
029
0755
029
023
023
0591
0757
021
0931
021
0791
0351
021
0351
0351
0351
0351
0791
0791
0791
0791
0791
020
029
0888
0910
0571
0571
0571
0571
0571
025
025
025
025
0531
0531
025
025
0531
025
025
0510
025
025
0510
025
0598
025
010
025
029
020
0772
0755
0755
0755
0755
0755
0592
021
022
022
022
021
020
020
022
022
022
022
022
0371
0769
021
0769
023
0571
023
0512
0512
0512
020
023
0537
010
021
021
021
021
0533
021
027
027
028
028
028
0535
0535
0591
0591
0595
0595
027
0871
0755
021
023
023
023
021
0831
0353
0755
0755
0755
0755
0755
010
010
010
010
010
010
0769
010
021
021
0577
029
029
021
027
027
029
029
029
029
029
0756
021
028
028
028
028
028
0551
0551
0551
021
0769
021
0756
0755
0769
0755
0755
0769
0769
0769
0791
0791
0791
0791
0791
0755
021
021
027
021
0372
0372
0755
0791
0791
0791
028
023
0351
0351
0351
021
0532
0532
0731
0731
0532
021
023
023
020
0451
0451
0451
0591
023
023
028
028
028
028
0379
028
028
023
0510
0510
0510
0631
0631
029
0631
022
021
024
0411
021
0411
020
021
021
021
0412
0762
021
0762
0762
0762
0762
020
020
020
021
020
020
020
021
0512
0512
024
1833
0752
0752
0591
0752
0752
0752
0756
021
010
0411
0513
0411
0513
0411
0513
0755
0411
021
010
010
010
010
010
0633
010
0411
021
021
0593
021
021
029
021
029
021
0755
029
0755
0757
0757
0593
029
029
029
0757
0757
023
2728
0531
020
020
020
020
021
025
0593
021
021
021
0556
021
021
0372
0372
0572
021
021
022
022
021
021
021
010
010
021
025
0755
0755
010
0755
0755
0755
021
0755
0755
010
022
0591
0592
0756
0756
0971
0971
010
010
010
010
0571
0769
0769
010
0791
010
029
029
029
029
029
0755
020
020
020
0792
027
021
0451
0451
021
0451
0760
0766
021
022
021
022
010
023
023
0532
0532
023
021
029
029
029
021
021
0731
0731
0731
0731
0791
0731
0731
0791
0791
021
025
021
021
021
0631
021
0536
021
021
021
021
010
010
010
027
0519
0532
021
020
021
024
0373
021
0996
0996
021
0311
021
021
021
021
0991
022
022
023
021
024
0431
020
020
021
0512
0471
029
023
010
0791
0791
0531
0531
027
0512
029
0791
0771
0771
0512
0532
0512
0512
0512
0512
0512
0512
0771
0771
0771
0771
021
021
021
021
029
021
0551
0551
0551
021
028
028
028
010
0532
0755
0755
0755
028
028
0532
028
028
021
024
024
0471
0797
0797
020
0791
0791
0791
0668
0791
0791
0411
021
0574
0574
0574
0532
0532
027
021
021
021
024
024
024
0411
0411
027
0411
0592
0631
027
0512
025
025
0371
0371
025
025
025
0755
0755
025
0755
0755
0755
010
0791
025
025
025
010
010
010
010
021
029
0358
010
025
0536
0592
029
029
021
0595
0717
023
0358
010
0550
010
0513
022
021
0510
0371
025
027
010
020
0555
0592
0757
0757
0757
010
027
028
027
027
0595
0595
0595
0595
023
021
021
021
021
021
0755
027
0755
021
021
021
025
0451
0451
0910
0451
0513
0451
0513
021
0757
0513
0532
0532
0592
020
0592
021
021
028
022
0311
0755
021
021
021
010
028
021
028
021
0575
010
010
010
0769
0576
0769
010
0576
0769
0576
0931
0576
0991
0991
021
0551
0451
0755
025
0379
021
028
0755
0755
0851
0755
0533
0755
010
010
0574
010
010
0591
0591
021
0591
0591
0591
0851
021
021
021
021
021
021
023
023
021
0731
021
021
0757
021
0757
0755
0755
010
0755
0755
0576
0592
0755
0931
0931
0594
0755
0755
0531
0351
021
0769
0755
0769
0755
021
0755
0912
0536
0536
0536
0536
0536
0755
0755
0755
0592
0755
0755
0755
0757
0799
0393
0755
0799
0393
021
027
010
027
021
010
0755
021
027
010
0553
027
010
010
0738
010
0356
0771
021
021
021
021
0792
021
0432
0717
021
0755
021
0757
028
020
0535
0571
0771
0755
0755
029
0755
021
0755
021
021
0574
0574
0574
020
0755
021
021
0755
0411
0755
0574
0372
0755
0931
0931
021
023
023
0591
023
021
0571
0752
023
010
0595
0898
0571
021
021
021
021
010
010
010
025
0531
0755
023
021
0512
0512
0512
0577
0512
0512
020
0717
028
021
0371
0512
0752
0760
0411
0411
0411
021
021
021
021
0931
021
010
0755
021
023
023
020
023
020
020
021
0991
0898
0898
0871
0898
0512
0510
0771
027
028
0806
0755
0991
0755
021
021
025
021
0591
0536
0536
0536
021
027
021
023
0816
021
021
021
0579
021
021
0531
021
0792
0553
0971
0577
021
028
022
0755
0752
0851
0851
024
024
024
0851
021
021
010
021
0762
0472
021
0535
021
021
021
010
010
0595
0595
010
021
010
021
021
0769
021
0512
0595
010
021
021
021
024
021
020
027
020
020
020
0732
020
020
028
028
028
028
028
028
021
021
021
021
010
021
021
021
020
0512
021
021
0351
0351
021
0351
0591
0512
0512
023
023
0512
0431
0431
028
0574
029
0427
0455
0755
0755
0855
021
0411
010
023
0592
023
023
021
025
025
025
023
0371
023
0371
023
0755
029
0371
0510
029
0516
0351
0351
0351
0351
0351
020
029
029
0755
0797
021
027
027
027
010
010
023
010
010
021
020
021
021
021
0477
021
021
021
020
020
020
0871
025
0731
0797
0574
010
0898
0371
0797
023
023
023
021
0771
0771
0771
023
021
023
0797
0771
0797
021
021
0771
0771
0551
025
0871
0871
0411
0533
021
020
0769
0769
0755
0591
021
021
021
0510
0553
021
0510
0311
0311
0553
0797
021
0797
010
024
0535
0769
021
021
0871
0871
0571
0769
0571
0571
0531
0712
0531
0472
0472
021
0760
021
0472
0736
027
021
021
021
021
0571
021
0510
021
0533
025
010
0510
0510
0510
0771
021
022
0769
021
0572
021
023
010
1772
022
022
020
022
022
0769
0551
0769
027
021
0519
0595
010
010
021
010
0535
0535
021
0535
021
020
020
020
0898
021
025
025
025
021
0731
0731
0771
021
0731
0731
0731
0826
021
021
022
0591
022
0755
0755
021
0731
0731
0564
0755
0411
0755
0755
0755
0755
0755
0755
0755
0755
0755
0755
0755
0755
024
024
021
024
021
0755
021
021
0755
021
0755
021
0717
0756
0755
021
0755
0551
021
0551
0536
0371
0510
0536
0371
023
0574
0531
0536
027
0755
024
0755
0532
010
021
010
023
024
024
0755
0755
0755
024
0755
0755
027
027
0755
0755
0898
0551
0551
0551
0551
0551
024
0371
0746
025
0931
0991
0991
028
0531
0512
0755
0532
0755
029
029
020
0755
029
021
0595
029
0595
0595
0755
0531
021
0531
0595
0791
0755
0531
0531
0898
0755
0551
0731
0731
0511
010
020
0731
020
0519
0351
0351
0731
0791
0791
0755
0791
022
022
023
023
023
1900
023
023
022
022
010
0731
0731
0731
0510
0731
021
0731
010
0551
010
010
0471
010
0371
0371
0371
0371
0371
0535
0535
025
025
0510
0535
0711
021
0574
021
010
010
0595
021
0554
0531
021
027
010
010
029
010
010
010
010
010
021
021
0755
0755
0551
021
021
0370
021
0551
023
0551
0755
0551
021
0551
021
021
021
021
023
020
021
021
027
0757
0757
0757
029
0757
0757
0757
0791
010
021
021
021
028
028
021
010
021
021
0755
0413
021
023
0451
027
027
025
0717
029
0571
0512
021
021
028
028
0531
021
021
0595
0595
0573
0573
0573
021
0573
0573
0573
010
021
010
021
021
021
0755
0755
023
0991
0351
0513
0571
0431
010
0533
0754
0551
0760
010
028
021
0555
0555
0371
0371
0371
0372
0372
010
0532
021
0371
021
021
0451
0757
0451
0451
0531
023
021
010
0532
010
021
0769
0769
0871
021
024
027
024
027
0719
027
0719
0769
027
027
0931
0931
0769
0769
0518
0523
0577
0577
0591
029
025
0769
0750
0592
0771
0755
027
0755
0516
029
0756
029
029
020
0757
021
0571
0571
0411
0571
029
0416
0733
0531
0551
0595
0595
010
010
0595
0595
010
010
0851
0851
010
0851
0851
0551
021
021
0478
021
021
025
021
024
024
021
010
010
021
024
024
010
021
010
024
0591
010
021
0532
0532
025
0757
0532
0532
021
0571
0571
0571
0755
0571
0571
0755
0755
0755
010
0551
021
028
021
0731
021
0731
0755
0731
021
0595
0759
0731
0759
0574
021
021
028
0916
0574
0354
021
028
0991
0532
021
0631
021
023
027
027
0512
028
029
0512
028
021
0916
0371
023
0512
0755
010
028
029
029
029
029
029
029
0451
0451
021
0451
029
023
021
0731
0731
0451
0451
023
0913
029
021
023
0451
023
029
029
0371
020
029
029
021
020
010
020
021
010
0755
029
021
020
0632
020
020
010
029
021
0451
021
021
0551
021
0954
025
0416
020
0416
020
029
0913
020
029
029
010
020
021
021
021
020
024
0377
020
022
021
022
0571
022
0750
0792
0792
029
029
024
0769
029
027
024
029
0510
0755
0731
029
029
029
010
010
029
029
029
021
021
021
021
021
021
0535
020
021
021
029
021
029
0755
029
0752
0991
021
0752
029
0752
0755
0752
0532
022
0952
0952
0951
0951
0755
029
022
0431
0571
0431
0431
023
023
029
0917
0934
023
029
023
023
029
0917
023
0910
0551
0752
0752
0551
0416
0752
024
1755
010
0769
0769
0769
021
029
021
029
0546
029
029
029
027
0577
023
027
029
027
020
027
0472
0555
0512
029
021
029
010
029
029
021
021
0871
0871
0871
029
0871
0871
029
029
0531
0371
023
0371
0371
0750
025
021
0371
021
0427
010
024
0354
010
021
0532
0537
0951
0598
0710
0951
020
020
0531
0531
020
0714
010
020
020
029
0769
029
1900
029
1900
0371
029
029
029
027
029
029
029
0769
021
010
027
010
027
0513
029
0539
029
0539
029
029
024
029
029
029
0951
029
029
029
029
029
029
029
021
024
029
029
029
029
029
029
029
029
010
029
021
0917
0910
029
010
0917
025
025
0910
0910
029
029
029
025
029
020
029
021
021
021
010
027
020
029
028
0816
0531
0531
0791
0797
021
0797
010
0594
0755
0755
0755
0371
0757
0513
0513
0311
0513
0371
0371
0991
0371
0991
021
0755
0451
0755
0991
0755
021
0991
0991
0791
0755
0755
0755
0752
0755
0530
0752
0752
0755
027
0755
0371
0755
023
029
0451
029
029
029
029
0451
0576
029
0757
029
0769
021
0372
021
029
0596
021
029
021
0551
021
029
023
029
0591
0575
0833
0531
029
0871
029
0871
028
020
024
0755
0755
024
0755
0371
0755
024
0591
023
0537
024
0537
0755
0755
0755
0769
0755
0755
0755
0755
021
0512
0755
0755
0512
0512
0512
0910
0512
010
023
023
023
0755
0411
0510
021
0358
029
0851
029
0851
029
021
029
029
029
029
029
0536
010
021
0531
027
0531
0511
021
024
0531
0755
029
029
0769
029
029
0523
0523
029
029
0574
021
028
0551
0512
0512
0571
0571
0512
010
021
0431
021
0755
0451
0591
0791
0871
0871
0755
0769
0769
0755
0769
0769
0527
0527
024
021
029
0755
029
0755
0379
0731
0731
0731
0335
0551
021
029
029
029
023
010
023
023
0888
023
021
0595
0351
021
0523
0356
029
029
029
021
0531
029
029
029
023
010
0931
0931
0551
0755
025
0769
028
029
028
028
028
029
0571
0539
021
029
029
029
021
021
021
010
021
0371
023
025
021
023
021
021
021
021
0431
0431
0717
021
027
029
010
0755
0755
0755
010
010
010
010
020
0791
020
0791
0757
0931
021
0517
021
0510
029
029
021
029
0763
023
0755
021
021
010
029
028
028
028
0412
025
0412
0412
024
0573
024
0875
0514
0514
0875
0374
021
021
021
0757
021
021
0871
0371
0574
0371
0553
023
021
023
0755
024
024
024
0755
0755
0755
024
024
0755
0591
023
0459
023
0571
0755
023
021
0875
0760
0571
021
023
0531
0991
0531
021
0531
0531
021
023
0757
0757
0757
0536
021
029
0512
023
0755
023
0755
021
024
0755
021
021
021
021
0755
027
027
027
025
0871
023
0755
021
025
0596
0991
021
021
021
021
021
021
022
021
021
022
021
029
022
0730
022
022
022
0712
010
022
021
021
022
022
0595
024
022
022
0871
022
0714
0871
0871
0631
0871
022
0631
0757
0851
0755
0373
0551
0551
0755
0717
0717
021
022
0717
0717
028
0431
022
022
0755
022
021
0755
021
021
0755
0755
0755
0755
027
0371
027
010
010
0356
029
0356
0359
0755
0755
025
021
021
0453
021
010
0471
0592
029
029
028
020
020
024
0871
020
020
029
023
029
029
021
029
020
0561
020
020
0571
020
021
0898
021
010
0532
020
028
020
0532
021
028
020
0535
029
021
020
020
028
021
0798
021
021
021
021
0755
027
027
0571
0755
0755
020
020
0755
0755
0755
010
0871
0755
0769
020
020
021
021
021
021
022
022
029
029
029
020
0412
0371
0371
0371
0431
0852
0755
0755
0997
0755
021
0755
0755
0755
0755
021
0755
0592
0592
0592
0757
0571
0769
0714
0714
021
0714
0451
0451
0714
0451
0931
020
020
029
029
029
0379
0535
0535
029
029
029
020
020
020
020
020
0769
021
021
0551
010
020
0551
0551
0551
0551
021
021
021
0757
021
010
0931
0451
021
0931
0931
010
0931
0931
021
021
0316
0912
0713
0912
0912
0913
0733
029
021
0733
0755
0991
028
010
028
028
0532
028
028
0532
0532
0532
0512
0472
0472
021
021
0755
0756
027
027
023
021
0551
0712
021
0951
021
021
0951
0991
0755
0532
020
021
0371
021
023
023
023
0791
010
010
023
010
010
029
021
021
021
020
029
025
025
025
020
021
0510
021
021
021
0755
0755
021
023
0755
0755
0553
021
021
0431
0752
021
021
010
021
021
021
0722
021
0791
021
0791
021
0991
010
0769
027
021
021
027
0531
027
0991
021
021
021
021
021
0991
021
021
021
0991
0991
021
021
028
021
021
021
021
021
021
021
021
0371
025
010
021
021
021
021
0351
0351
010
010
0733
021
010
0755
010
0791
021
0991
0873
0991
021
021
0512
021
021
0371
0531
0591
0512
0755
024
024
0571
0579
0633
0575
022
022
0431
0714
0431
0379
0371
0572
029
029
0576
0576
0576
029
021
021
0595
024
028
021
0755
0591
010
0591
0531
0512
0512
0512
0888
